5 3
0 0 -4 
8 0 2 
0 -14 -4 
6 0 4 
0 0 -4 
0 -4
5 3
-2 -2 0 
0 0 0 
-2 -2 0 
-2 0 2 
-2 -2 0 
0 0
5 3
0 0 0 
0 0 0 
0 0 0 
2 0 -2 
0 0 0 
0 0
5 3
-2 2 -2 
-8 0 2 
0 0 -2 
-2 0 0 
4 4 -2 
0 -2
5 3
2 -8 -2 
4 0 2 
4 4 -2 
-2 0 -2 
-6 -6 -2 
0 -2
5 3
0 0 0 
2 0 -10 
2 2 0 
-24 0 0 
2 2 0 
0 0
5 3
-2 -2 -2 
0 0 -26 
0 0 -2 
16 0 -2 
0 0 -2 
0 -2
5 3
2 2 0 
-4 0 0 
-4 -4 0 
-4 0 0 
-4 -4 0 
0 0
5 3
-10 -4 -10 
6 0 12 
-10 24 -10 
26 0 6 
-4 -4 -10 
0 -10
5 3
-6 4 -6 
18 0 4 
-6 10 -6 
-16 0 -6 
4 4 -6 
0 -6
